2.4856371466493807
6.8844936030943
3.3694979536981737
3.474656414187065
5.319888059042372
5.485541002473114
6.236789864740813
5.811664127618064
6.381708032318354
5.681533654002932
5.732741657751018
5.071368887592207
3.5188442225795447
7.269447053026771
3.5889035728507097
2.67669945410061
6.406576757865533
1.9206669070002307
2.1396429374265136
2.650148815522719
6.048482603156135
5.946183238923429
5.802649174850295
3.8353000662076306
6.2608860327363445
3.9861260308978856
3.6924358327475817
4.4667292390147555
4.8097998578907015
7.4774407762053166
0.8165763916813251
2.8666901560730094
6.730117156136258
7.12021087693793
6.402869489238375
4.170735273432602
5.468784364365687
3.066249289771904
8.31535342060898
5.346949253901384
5.840496040233139
2.9240210272773637
4.312623266750317
8.257177093359495
6.127238217434393
7.093933871040264
2.7636993933960228
2.463812520519881
7.624977811054457
3.4381495512137943
7.053256768551227
9.043577878591432
7.993779485302696
2.5434451124583304
4.7720115949282045
4.95996957678662
4.188934852480205
3.2441497006173607
6.954803593910187
10.187762524463645
4.907039155506899
4.545283191909378
5.533047690311456
2.08205414200511
2.33707864094968
1.4269336669141133
4.2913276225283425
3.163803282080968
3.153465891298083
6.985831640809793
4.799426600928534
1.6316229947400696
2.446542668907833
6.49861622423493
2.124028182597912
6.25741938370043
4.40360742048771
5.197751375603046
9.283591013496242
3.467301001769271
4.679487284634484
2.2106141893525115
3.2955902560864803
1.4784730921220368
9.917917137408944
1.7599826744985414
9.782166462138205
3.2474703186218794
8.475148231303057
2.5411507297920144
3.6260367625565264
4.2482954198577545
4.090928919520396
3.0787235172874103
5.726987590277862
3.302321028314689
1.7539790694897457
6.937252498729169
6.268101417537611
8.079049897123442
5.578729162218897
1.5263193983578063
2.930058863383561
2.101582890411035
5.927363874076375
2.9790308142451987
3.425849119079135
6.007335951764134
2.828247332965113
4.939398301255939
3.2705095389020373
5.765180719784136
5.196323370679575
5.366494566809882
9.923804123521903
7.526232580412408
5.266541902964605
4.998585202038905
2.7461062228813273
8.73571876581858
5.166822529561465
1.9559819602204072
5.9150148865330445
5.085249528460032
6.339677912296661
1.7200225029398708
0.8544787140861425
1.656089763664474
5.955626530708356
5.948752400892862
7.118327055253145
2.876575279885804
1.6979237295029046
5.645118358737029
6.544623528177441
5.604145308846314
6.239123829097199
7.412137629364427
6.430627240189982
9.367257248612898
3.75293216778545
8.068889408265715
1.2413392899958402
3.5783734948970762
7.1643155639062055
2.1981014434592807
4.816285935592419
6.863491941300762
4.10233478417706
2.435728798067174
1.1769940324077015
4.72562949712888
0.3105916490750982
2.5314686349765
4.344603704628863
2.3867018534800835
4.5941971151944125
7.346134306926102
5.43977697266485
4.15455879599427
1.4132623357518956
7.679002966465562
3.90068362840799
4.53650547508952
6.748138226138362
6.088803906637713
4.286634648113529
4.707856993336135
4.439449931992079
4.494616130566369
1.7357708254984785
5.949482096053023
5.47281233170415
3.7450996237292298
4.161996596551702
4.889026201477043
7.47295025852527
2.808290633126945
1.2117654271821476
3.3471949198469053
3.972346737858069
4.308205281493502
6.658056354367295
7.451569737190956
2.5156732298229327
3.8831450896051822
2.6272781473515434
1.6838060530041186
2.7070244221942183
6.643225202848882
8.51820369352777
6.625573320175464
5.6048534021609715
3.8678902848340537
4.2563725813740465
2.813624242549127
2.94382932103041
2.7059171761903165
7.949373071288202
7.9477202814407
4.097641416747042
10.196836507206225
8.693994336612674
5.786252804991803
6.088913133042787
6.375420198302054
3.1752039576511097
5.600526030298469
7.6420879847748
2.48139761522124
2.0085387199207174
4.2880049809860115
10.10220516787053
4.907940534931145
6.691843380869271
5.053222169521309
2.7505011461183515
6.541811908232354
3.966240420750001
4.100841845948804
8.173868260204026
4.404150636770132
3.1406173526091523
8.31806495097176
6.267102203644126
6.594936894354338
5.852764365008379
7.4831193488374765
6.981099170750425
3.207623865403205
5.098977675817505
1.0318844811671792
3.7401087307987635
8.31631001963562
6.077606554579078
2.140805523745561
3.3394998882414995
5.2578529561245295
7.979249099242882
2.631791584450491
7.3641296238608955
6.48056562107674
5.2195866097931525
5.047534955887054
-1.0546136335250136
4.625912438656806
0.5333112537996296
6.741523671298325
5.341258433215883
4.536590357397964
2.162439137526054
1.7814172925489284
4.50972858475146
4.639636959336805
6.222727377619322
6.8097831544594705
3.1577304726696065
4.369015272133431
7.680541321448761
7.516684860799536
5.209144733212264
2.500908807204977
5.7781072044278154
4.328608742783626
2.3395979020483937
4.656617455608961
4.5981392272787645
4.310039202573886
6.030468256562159
3.6950173346678987
6.686118209640821
3.5381080852597604
4.956206338641427
5.690050923741575
8.530625938484015
3.4537121298649973
7.933311677706524
5.957254650853864
2.100182847655491
6.030014203621805
0.5474110913202646
1.6074314863533892
4.337006175573944
4.753210126200339
6.254218007108881
5.0321287282104645
0.8741966914001598
2.362868790362386
4.6910479358539385
5.942619556561009
3.1515447757794757
4.63766803366079
1.6021544085678032
5.711673478257056
5.058314338395073
6.362910139708196
9.66986449279634
9.344760783439018
6.943385304970626
7.1892586174536
5.474199436754488
3.773434421455236
5.77872540988815
4.732882636549121
2.40063121477616
7.16010685113139
5.2473075333022505
9.242051292054047
3.2471048075643716
6.999206120516353
5.120852375673503
0.06345546164810045
5.047838853373966
6.6151735452287825
6.166718148833488
-0.11747312871012294
5.0465750775449765
4.030163208857904
5.156523098412146
6.114955564109007
2.6611032709906697
4.702633416808028
6.8124347838324955
7.112676258674149
5.640246288772295
7.184458665742223
7.482195731798271
6.6387815239918195
1.8620767501588835
4.44176657507933
4.876130139789083
0.9504882332409519
6.50263255155357
2.39513598185345
1.2997298580513998
6.672488031078132
6.054466496912559
7.988401007031104
4.711319215091689
4.412658924705339
3.0241243640384163
8.658855953444597
6.988729209570756
4.40837784283624
7.0646736186595795
4.131952007448859
3.40685724565986
4.745364450955083
7.326073954269655
7.5265502301500105
6.569849262164542
6.040712856976233
6.448390397941137
0.5687121959033625
5.76664511305282
7.693095164144379
7.126373706950872
6.356616881404562
5.592567504050632
1.7641808202892828
4.874446549052106
6.058477120887694
6.249477814731647
5.980657719005759
8.988399774140964
4.0941338331630375
6.91054407678003
4.314540628231826
2.746400249858685
0.9371298067212823
6.94188846436861
5.819240596810964
6.260937595922697
4.453295452723647
5.077459320429081
4.914669883803416
3.453196129438199
4.52059929822348
8.27734320142591
7.155245849606884
5.444120928775011
4.492340365806994
8.758766583083608
1.7805086503494856
3.038096240882445
7.307627894683128
4.31524313584521
3.0089649550362925
6.244570422367141
2.0090662432529784
3.1187599981247422
4.39722688334681
0.6263301171120474
3.2846250895660996
7.131210055148516
4.727551293962978
4.469535027077279
4.472053293598255
2.9486660317497333
5.108659678328424
5.291274376045113
5.425078239368087
4.354782791304576
4.134746923920853
3.5712969133061803
5.035743666704743
5.759783115124227
7.049016200210232
4.375843477442617
5.125391501868561
6.272444618021331
5.655475274489965
3.160046570308415
8.20106038222807
8.505017428148491
5.727952384852519
6.678958822098895
4.499922680956524
4.44234395210593
6.995455996116911
2.7806378949575152
3.389239595128374
2.1662585715918055
8.879019042047243
5.0791420582378395
4.485942005890322
4.286529535683789
8.411172412763637
6.519627900719184
5.4524392160013555
3.697834141181765
4.608625183882357
8.225257361120565
7.517806582725136
6.924562568355466
5.475618804343188
6.475600226905129
5.233229480965082
5.841239993150584
3.894507054479267
3.6481669349144585
4.53946813178848
7.575135147429909
4.92514103570076
5.964032269099587
6.36113993567751
1.9711062344542878
6.577721427605625
7.202511626503135
6.606285238624922
5.355515725040872
3.308443965075337
4.335102116904076
6.019621936151944
4.493602579759804
9.856301840191957
4.2766558269232595
1.8972371494630842
5.211161079773216
4.723531155859217
2.250965801450525
4.53472746931582
8.647729519868552
2.4401815999978873
7.500375273138717
8.157900322639055
2.8165258800019175
6.078225760697109
5.149521112471778
4.79913547643887
6.935283954897951
4.424129706113392
7.276703172481817
4.917039411841747
4.876787842306203
6.110036819915981
3.5496526838596667
0.843932268166582
8.553413367129908
4.033400325124318
6.27039805271444
8.516449229801932
8.117684194635864
2.3042538013761273
5.610427523523592
7.180454739963746
7.915061293176381
4.464570140569634
2.8488566439833436
6.649929535778907
2.728787884567821
5.017344163948393
4.136516944010074
6.622782644943928
5.303298027603208
6.82568062023803
4.145214915344816
6.629100290837395
4.320401993848527
5.260574432133331
4.683311962415191
1.6645132191243275
2.9158516307134317
5.390319494187299
1.3171270871612286
5.870103726992091
5.944406024829031
7.289608305617164
6.007034264165332
4.219858040021126
4.053713295958636
2.8161697492701645
5.646777229545476
3.131593288242456
3.5767796402205363
4.072323969867509
3.8655895488979173
4.347481545276571
7.67428304542298
5.456385845267279
5.789769890743612
2.7776494629435278
5.051524637469789
4.405792467720984
2.9024084307674674
4.417108634685207
1.5666678595296792
5.259959144843825
5.2733382765464505
4.278906330779331
5.615529450142793
7.217042627586253
4.475313332927671
7.743842220218967
3.443636124402696
8.248256259611527
2.3654089342364135
4.06312447829411
4.115537669624286
5.824770014256764
2.604396149888399
7.636095094218689
5.6004558643707245
8.089942033044307
6.351662312980723
8.307251989170398
7.822230764342489
0.3900722253970974
5.565809262647021
5.555016783630803
4.783587406766415
4.96664388207734
3.392249859827021
6.711766171990007
2.486907643345399
5.579147457551322
4.03207438749138
4.361922201707019
6.267877098780353
3.401109009483269
3.4819045700858955
1.3908624122924618
2.213440188092953
4.939442912438604
5.07839406004971
2.7223277928792227
8.025054657138558
3.9514901355992267
6.955006086069643
4.597269502021353
2.5010774510288925
4.119007271150431
2.4776098778147078
5.5073092360480915
4.5670515872720445
3.596962745940509
4.062043319138111
5.467026900964437
3.562706887790938
1.3886193658754338
5.232143907268274
6.999889825890644
6.559391544739815
5.166247477517681
8.525474114677436
7.096055579841471
4.532224141706018
2.955426829353903
5.878978848206534
5.7540084500307085
6.712694526870295
3.948085386082492
2.0059635031111327
0.7300255436530421
4.459401203804656
4.740229930874938
0.8868054850347127
5.039045073823032
6.106665029382613
7.1826930305554
4.2015314986705
7.662972666273955
4.8823800110983075
6.85143170874764
3.887677151903215
1.4642654136580604
5.384084137233517
4.9333648195995305
4.114252074567725
3.1843336745077986
5.663476357104773
2.933744922445873
6.65888517066708
7.63649148173343
3.8198001612345904
5.571763804738846
6.06289467382269
6.05800857819246
3.8222242809956573
3.846156051760162
5.087680378061541
6.783250890665634
5.302926454962415
4.648019047558636
7.605143834524982
2.9249151485365963
6.881132650000696
6.156096846332282
6.84361254599434
5.448554119147688
1.86143832837296
2.8812683925137756
2.3137492669533053
6.6304327903140265
7.098390979054039
5.880450800165846
7.012858263979309
4.393150430555348
3.9371793910864774
8.535314976775558
7.262811896924976
3.7116134381833796
6.798624316793085
3.340150544023775
4.641200448671045
5.447797861086568
5.921173818355316
3.5487662236543525
7.319941665489457
4.503396545978971
4.51780051215659
3.9868926614615936
6.194111486419923
4.0030490435978745
6.096849764211983
2.884464580937337
2.765870390387986
7.088975285304533
5.167710252248011
-0.908798693494755
4.710899537947425
1.7004257685146613
3.266987571892091
5.073808422860386
5.9142077739159475
4.458002712061358
4.98194065209136
7.924577384213158
5.2568720912319815
5.069028977646622
7.156855312723078
6.2731260949805785
4.747689184452226
2.8961195196212386
5.921861790624642
3.3594798872829155
7.504160232934472
7.464383650409074
7.859538017796936
7.814771060447228
4.130067666768751
5.255492992752973
3.967638037488426
3.0078892548596756
4.393399152401245
6.931048143128943
1.466777457096501
7.759132271416761
8.79016141261418
5.324732621011139
6.756511517044486
3.591456328931648
2.658126077414888
8.169529291037396
7.962788989982797
7.720698753772712
2.509613636677416
4.4550539586701525
5.055045508144514
6.24569310920648
3.3652539661655454
2.353439328818364
8.137850385896733
5.451098619575482
8.174806505146332
5.530993909776414
2.119266683606034
4.637001655117536
3.7626685266707383
6.541676778277847
3.2877373569027855
2.0181031260436777
6.42257275653296
4.8118559161293595
7.032724608144294
5.852788928993992
4.75413837140875
5.745533753568706
4.157736154776683
8.896105186958884
5.304051322529688
5.024928371829649
6.941982354986974
4.894345439613331
4.635669228217497
6.679817685742208
5.080368042401936
2.7262133597671103
-0.49519032256707973
7.504946741897168
6.763583817768319
4.731683812824182
6.57439785364674
7.347167985495704
5.732144803672799
-0.3934449975986398
7.404024669773218
6.931350047335702
5.974117290043575
4.2324867054208495
-1.5284984382411482
7.200289231520868
2.883701914894111
3.3564594758597597
6.095713481726056
1.867742576239694
3.3150827552668956
4.246673068293976
8.470816521588194
3.1790998380738955
4.912815680992417
7.271716182880546
6.368353258924145
5.392119374345409
5.391072177489993
3.7561844246750864
5.321349500438237
5.361381965152477
4.171603167006797
4.8560167813653585
5.006790245961598
3.35658367705351
6.8668664180770564
6.419126504793539
7.767916993360396
6.0523630365997665
6.901740532411771
2.5209931322851107
4.249369184298409
4.830021923232835
4.153859527168125
5.250959113273764
4.0540779681764025
5.0260917415448345
6.410041512619817
1.0807978335119848
6.058145131775127
1.7902673664610753
6.235374442813914
0.42798262442714474
4.843265107893789
3.005081942674293
9.277388025596887
7.210416677530293
2.3644320559418563
3.5988794337975096
3.647295986901292
7.545502942357315
5.910440766836127
6.063232254658519
8.057743940749976
6.6817341819041465
5.6162640132270125
1.8953993727646155
3.010285505376585
6.642593950728372
0.934450084081794
4.099201445331346
2.579802725464946
9.678440335059907
5.546495538163162
4.977311987433376
4.995703933946139
0.3946805711657895
2.5716024607171657
6.61250896410344
4.76663628552307
2.626701584507858
5.558611063394003
7.279088211945679
3.225912146068154
5.608367706443199
2.8473288047600285
5.032659067216108
5.860661478609865
5.341429864860917
5.6880177016153395
4.1449204974506175
5.300243326206337
4.140748141374386
5.032901972070486
1.7427138019998911
6.221014435746418
7.4422461926788595
3.6200852049256316
1.9291825614321652
5.122362336543983
5.2040111828550115
7.429406820992405
6.151728930203064
8.523365828639413
4.8382720700205
5.3134903873076516
4.381662095501232
5.143826437415279
3.6664327802784724
5.0303423639537375
6.512407990684602
3.1142602309701806
2.8870242079836057
6.620779914515088
3.7353147779010007
1.3282375768144838
4.398448725412923
5.194677606986442
6.5772948954994686
5.298174847345596
5.087957242714216
-0.9935066868631317
7.383847626575157
0.963869709001183
4.749843319889984
4.5456462539661935
0.5324608883124213
5.648596600560851
5.250470525907735
9.059107318878741
3.7849705148348654
1.853416632318448
7.258669288871166
2.406418408120433
4.544622430464377
5.9000871419515555
2.794986931446859
3.2430503616299333
3.7792850455299147
4.476754075011102
1.2040533581400803
5.2332842078341795
1.9035082375777677
8.782165658061254
4.080171589393328
7.973689545624294
3.440107137497801
6.4350249733306395
2.9210333049644506
4.625706136756982
8.385329584351854
6.451261440065286
4.242776450980159
7.2499678603867235
4.587848659444146
6.273244797662637
6.710493791832005
6.993775569625269
3.5883132892060283
8.005134304482898
6.108351056533575
6.585728504618344
6.962676643422145
6.733244907329116
2.6043239144035106
5.835053014639386
3.9262256639305226
3.39870516631244
4.93394768253637
5.498055044142759
7.042287762420072
3.884605179224258
2.3970898931971893
5.445133884655322
6.072820570539142
7.195731337311299
2.669796512785208
5.011177019781854
5.878355685067892
4.86900486168781
2.5307703365271044
3.0271992967378227
3.5340948925641826
5.691344243184724
8.295512170485802
5.928200947314467
4.060971395778215
4.2393589422029505
-0.3867199527938432
1.471701276090906
5.02124778927839
3.7892623208084397
5.518208143728
5.751409415181955
3.8485394713489214
5.325773081937029
8.63668291049299
3.4083997055555866
3.485349852457095
-0.05724078354581863
3.3822408490319322
5.389670212461906
4.041167732733337
3.983914712807481
7.1435606222833545
4.688280925620931
4.293124169691437
7.177359305723019
7.082100266633928
3.7562620380138627
5.220649133540934
6.291690571567914
4.998478658991669
2.7107218289885004
6.408454323031547
2.98112549980301
4.235079458150771
11.329482106059322
4.567240501131703
8.524897406919829
7.92196722920294
3.6132948295650715
4.009191588309088
3.6071256397245124
5.2446339184502575
5.50138778911361
8.118669706560711
7.117176691844438
5.799956350303121
9.613529210893429
9.046403670947683
4.680777349422142
5.274381843681824
1.7473995845423609
7.221964643884782
4.31629568855166
5.5773494350478
6.89873591393344
7.52849753471816
6.310840101178265
8.934165735054268
4.866883422957188
4.404130694298706
7.760879738367279
7.461056144733197
4.018741495113675
5.874583940957773
3.0844136582287005
4.690677332885789
3.587040745792714
5.1013708749178495
1.945510775602703
3.486098834478926
7.69399512634394
3.3805633339605095
3.9874003898464663
7.313470926582201
6.975154448671863
5.807235528148524
2.6322422240976557
3.002137762865871
8.189591898850336
2.7386719899984016
3.3984385884048924
6.9167882305606945
4.004417360014911
3.3210317289750293
1.1681403219657898
4.640574533144151
6.640849005715554
5.726910620179736
4.705689440813402
3.9754390569574545
